import{g as d0,o as Ki,r as Ke,j as P,c as p0,E as xl,Q as m0}from"./index-DZAfH5ga.js";var td={exports:{}},g0="SECRET_DO_NOT_PASS_THIS_OR_YOU_WILL_BE_FIRED",v0=g0,_0=v0;function nd(){}function id(){}id.resetWarningCache=nd;var x0=function(){function n(i,r,s,a,o,l){if(l!==_0){var c=new Error("Calling PropTypes validators directly is not supported by the `prop-types` package. Use PropTypes.checkPropTypes() to call them. Read more at http://fb.me/use-check-prop-types");throw c.name="Invariant Violation",c}}n.isRequired=n;function e(){return n}var t={array:n,bigint:n,bool:n,func:n,number:n,object:n,string:n,symbol:n,any:n,arrayOf:e,element:n,elementType:n,instanceOf:e,node:n,objectOf:e,oneOf:e,oneOfType:e,shape:e,exact:e,checkPropTypes:id,resetWarningCache:nd};return t.PropTypes=t,t};td.exports=x0();var y0=td.exports;const je=d0(y0);var M0=1e-6,sn=typeof Float32Array<"u"?Float32Array:Array;Math.hypot||(Math.hypot=function(){for(var n=0,e=arguments.length;e--;)n+=arguments[e]*arguments[e];return Math.sqrt(n)});function S0(){var n=new sn(9);return sn!=Float32Array&&(n[1]=0,n[2]=0,n[3]=0,n[5]=0,n[6]=0,n[7]=0),n[0]=1,n[4]=1,n[8]=1,n}function tn(){var n=new sn(16);return sn!=Float32Array&&(n[1]=0,n[2]=0,n[3]=0,n[4]=0,n[6]=0,n[7]=0,n[8]=0,n[9]=0,n[11]=0,n[12]=0,n[13]=0,n[14]=0),n[0]=1,n[5]=1,n[10]=1,n[15]=1,n}function E0(n){var e=new sn(16);return e[0]=n[0],e[1]=n[1],e[2]=n[2],e[3]=n[3],e[4]=n[4],e[5]=n[5],e[6]=n[6],e[7]=n[7],e[8]=n[8],e[9]=n[9],e[10]=n[10],e[11]=n[11],e[12]=n[12],e[13]=n[13],e[14]=n[14],e[15]=n[15],e}function rd(n,e){return n[0]=e[0],n[1]=e[1],n[2]=e[2],n[3]=e[3],n[4]=e[4],n[5]=e[5],n[6]=e[6],n[7]=e[7],n[8]=e[8],n[9]=e[9],n[10]=e[10],n[11]=e[11],n[12]=e[12],n[13]=e[13],n[14]=e[14],n[15]=e[15],n}function sd(n,e){var t=e[0],i=e[1],r=e[2],s=e[3],a=e[4],o=e[5],l=e[6],c=e[7],u=e[8],p=e[9],d=e[10],m=e[11],g=e[12],v=e[13],f=e[14],h=e[15],x=t*o-i*a,_=t*l-r*a,y=t*c-s*a,T=i*l-r*o,w=i*c-s*o,A=r*c-s*l,D=u*v-p*g,b=u*f-d*g,M=u*h-m*g,L=p*f-d*v,z=p*h-m*v,O=d*h-m*f,U=x*O-_*z+y*L+T*M-w*b+A*D;return U?(U=1/U,n[0]=(o*O-l*z+c*L)*U,n[1]=(r*z-i*O-s*L)*U,n[2]=(v*A-f*w+h*T)*U,n[3]=(d*w-p*A-m*T)*U,n[4]=(l*M-a*O-c*b)*U,n[5]=(t*O-r*M+s*b)*U,n[6]=(f*y-g*A-h*_)*U,n[7]=(u*A-d*y+m*_)*U,n[8]=(a*z-o*M+c*D)*U,n[9]=(i*M-t*z-s*D)*U,n[10]=(g*w-v*y+h*x)*U,n[11]=(p*y-u*w-m*x)*U,n[12]=(o*b-a*L-l*D)*U,n[13]=(t*L-i*b+r*D)*U,n[14]=(v*_-g*T-f*x)*U,n[15]=(u*T-p*_+d*x)*U,n):null}function ad(n,e,t){var i=e[0],r=e[1],s=e[2],a=e[3],o=e[4],l=e[5],c=e[6],u=e[7],p=e[8],d=e[9],m=e[10],g=e[11],v=e[12],f=e[13],h=e[14],x=e[15],_=t[0],y=t[1],T=t[2],w=t[3];return n[0]=_*i+y*o+T*p+w*v,n[1]=_*r+y*l+T*d+w*f,n[2]=_*s+y*c+T*m+w*h,n[3]=_*a+y*u+T*g+w*x,_=t[4],y=t[5],T=t[6],w=t[7],n[4]=_*i+y*o+T*p+w*v,n[5]=_*r+y*l+T*d+w*f,n[6]=_*s+y*c+T*m+w*h,n[7]=_*a+y*u+T*g+w*x,_=t[8],y=t[9],T=t[10],w=t[11],n[8]=_*i+y*o+T*p+w*v,n[9]=_*r+y*l+T*d+w*f,n[10]=_*s+y*c+T*m+w*h,n[11]=_*a+y*u+T*g+w*x,_=t[12],y=t[13],T=t[14],w=t[15],n[12]=_*i+y*o+T*p+w*v,n[13]=_*r+y*l+T*d+w*f,n[14]=_*s+y*c+T*m+w*h,n[15]=_*a+y*u+T*g+w*x,n}function ys(n,e){return n[0]=1,n[1]=0,n[2]=0,n[3]=0,n[4]=0,n[5]=1,n[6]=0,n[7]=0,n[8]=0,n[9]=0,n[10]=1,n[11]=0,n[12]=e[0],n[13]=e[1],n[14]=e[2],n[15]=1,n}function Ps(n,e,t){var i=e[0],r=e[1],s=e[2],a=e[3],o=i+i,l=r+r,c=s+s,u=i*o,p=i*l,d=i*c,m=r*l,g=r*c,v=s*c,f=a*o,h=a*l,x=a*c;return n[0]=1-(m+v),n[1]=p+x,n[2]=d-h,n[3]=0,n[4]=p-x,n[5]=1-(u+v),n[6]=g+f,n[7]=0,n[8]=d+h,n[9]=g-f,n[10]=1-(u+m),n[11]=0,n[12]=t[0],n[13]=t[1],n[14]=t[2],n[15]=1,n}function Ms(n,e){return n[0]=e[12],n[1]=e[13],n[2]=e[14],n}function yl(n,e){var t=e[0],i=e[1],r=e[2],s=e[4],a=e[5],o=e[6],l=e[8],c=e[9],u=e[10];return n[0]=Math.hypot(t,i,r),n[1]=Math.hypot(s,a,o),n[2]=Math.hypot(l,c,u),n}function Fa(n,e){var t=new sn(3);yl(t,e);var i=1/t[0],r=1/t[1],s=1/t[2],a=e[0]*i,o=e[1]*r,l=e[2]*s,c=e[4]*i,u=e[5]*r,p=e[6]*s,d=e[8]*i,m=e[9]*r,g=e[10]*s,v=a+u+g,f=0;return v>0?(f=Math.sqrt(v+1)*2,n[3]=.25*f,n[0]=(p-m)/f,n[1]=(d-l)/f,n[2]=(o-c)/f):a>u&&a>g?(f=Math.sqrt(1+a-u-g)*2,n[3]=(p-m)/f,n[0]=.25*f,n[1]=(o+c)/f,n[2]=(d+l)/f):u>g?(f=Math.sqrt(1+u-a-g)*2,n[3]=(d-l)/f,n[0]=(o+c)/f,n[1]=.25*f,n[2]=(p+m)/f):(f=Math.sqrt(1+g-a-u)*2,n[3]=(o-c)/f,n[0]=(d+l)/f,n[1]=(p+m)/f,n[2]=.25*f),n}function b0(n,e,t,i){var r=e[0],s=e[1],a=e[2],o=e[3],l=r+r,c=s+s,u=a+a,p=r*l,d=r*c,m=r*u,g=s*c,v=s*u,f=a*u,h=o*l,x=o*c,_=o*u,y=i[0],T=i[1],w=i[2];return n[0]=(1-(g+f))*y,n[1]=(d+_)*y,n[2]=(m-x)*y,n[3]=0,n[4]=(d-_)*T,n[5]=(1-(p+f))*T,n[6]=(v+h)*T,n[7]=0,n[8]=(m+x)*w,n[9]=(v-h)*w,n[10]=(1-(p+g))*w,n[11]=0,n[12]=t[0],n[13]=t[1],n[14]=t[2],n[15]=1,n}function w0(n,e,t,i,r){var s=1/Math.tan(e/2),a;return n[0]=s/t,n[1]=0,n[2]=0,n[3]=0,n[4]=0,n[5]=s,n[6]=0,n[7]=0,n[8]=0,n[9]=0,n[11]=-1,n[12]=0,n[13]=0,n[15]=0,r!=null&&r!==1/0?(a=1/(i-r),n[10]=(r+i)*a,n[14]=2*r*i*a):(n[10]=-1,n[14]=-2*i),n}var yu=w0;function dn(){var n=new sn(3);return sn!=Float32Array&&(n[0]=0,n[1]=0,n[2]=0),n}function A0(n){var e=n[0],t=n[1],i=n[2];return Math.hypot(e,t,i)}function wn(n,e,t){var i=new sn(3);return i[0]=n,i[1]=e,i[2]=t,i}function Co(n,e){return n[0]=e[0],n[1]=e[1],n[2]=e[2],n}function T0(n,e,t,i){return n[0]=e,n[1]=t,n[2]=i,n}function R0(n,e,t){return n[0]=e[0]+t[0],n[1]=e[1]+t[1],n[2]=e[2]+t[2],n}function od(n,e){var t=e[0],i=e[1],r=e[2],s=t*t+i*i+r*r;return s>0&&(s=1/Math.sqrt(s)),n[0]=e[0]*s,n[1]=e[1]*s,n[2]=e[2]*s,n}function C0(n,e){return n[0]*e[0]+n[1]*e[1]+n[2]*e[2]}function Po(n,e,t){var i=e[0],r=e[1],s=e[2],a=t[0],o=t[1],l=t[2];return n[0]=r*l-s*o,n[1]=s*a-i*l,n[2]=i*o-r*a,n}function Ml(n,e,t,i){var r=e[0],s=e[1],a=e[2];return n[0]=r+i*(t[0]-r),n[1]=s+i*(t[1]-s),n[2]=a+i*(t[2]-a),n}function P0(n,e,t){var i=t[0],r=t[1],s=t[2],a=t[3],o=e[0],l=e[1],c=e[2],u=r*c-s*l,p=s*o-i*c,d=i*l-r*o,m=r*d-s*p,g=s*u-i*d,v=i*p-r*u,f=a*2;return u*=f,p*=f,d*=f,m*=2,g*=2,v*=2,n[0]=o+u+m,n[1]=l+p+g,n[2]=c+d+v,n}var L0=A0;(function(){var n=dn();return function(e,t,i,r,s,a){var o,l;for(t||(t=3),i||(i=0),r?l=Math.min(r*t+i,e.length):l=e.length,o=i;o<l;o+=t)n[0]=e[o],n[1]=e[o+1],n[2]=e[o+2],s(n,n,a),e[o]=n[0],e[o+1]=n[1],e[o+2]=n[2];return e}})();function I0(){var n=new sn(4);return sn!=Float32Array&&(n[0]=0,n[1]=0,n[2]=0,n[3]=0),n}function D0(n,e,t,i){var r=new sn(4);return r[0]=n,r[1]=e,r[2]=t,r[3]=i,r}function U0(n,e){return n[0]=e[0],n[1]=e[1],n[2]=e[2],n[3]=e[3],n}function N0(n,e,t,i,r){return n[0]=e,n[1]=t,n[2]=i,n[3]=r,n}function F0(n,e){var t=e[0],i=e[1],r=e[2],s=e[3],a=t*t+i*i+r*r+s*s;return a>0&&(a=1/Math.sqrt(a)),n[0]=t*a,n[1]=i*a,n[2]=r*a,n[3]=s*a,n}(function(){var n=I0();return function(e,t,i,r,s,a){var o,l;for(t||(t=4),i||(i=0),r?l=Math.min(r*t+i,e.length):l=e.length,o=i;o<l;o+=t)n[0]=e[o],n[1]=e[o+1],n[2]=e[o+2],n[3]=e[o+3],s(n,n,a),e[o]=n[0],e[o+1]=n[1],e[o+2]=n[2],e[o+3]=n[3];return e}})();function Tn(){var n=new sn(4);return sn!=Float32Array&&(n[0]=0,n[1]=0,n[2]=0),n[3]=1,n}function ld(n,e,t){t=t*.5;var i=Math.sin(t);return n[0]=i*e[0],n[1]=i*e[1],n[2]=i*e[2],n[3]=Math.cos(t),n}function O0(n,e,t){var i=e[0],r=e[1],s=e[2],a=e[3],o=t[0],l=t[1],c=t[2],u=t[3];return n[0]=i*u+a*o+r*c-s*l,n[1]=r*u+a*l+s*o-i*c,n[2]=s*u+a*c+i*l-r*o,n[3]=a*u-i*o-r*l-s*c,n}function ps(n,e,t,i){var r=e[0],s=e[1],a=e[2],o=e[3],l=t[0],c=t[1],u=t[2],p=t[3],d,m,g,v,f;return m=r*l+s*c+a*u+o*p,m<0&&(m=-m,l=-l,c=-c,u=-u,p=-p),1-m>M0?(d=Math.acos(m),g=Math.sin(d),v=Math.sin((1-i)*d)/g,f=Math.sin(i*d)/g):(v=1-i,f=i),n[0]=v*r+f*l,n[1]=v*s+f*c,n[2]=v*a+f*u,n[3]=v*o+f*p,n}function k0(n,e){return n[0]=-e[0],n[1]=-e[1],n[2]=-e[2],n[3]=e[3],n}function z0(n,e){var t=e[0]+e[4]+e[8],i;if(t>0)i=Math.sqrt(t+1),n[3]=.5*i,i=.5/i,n[0]=(e[5]-e[7])*i,n[1]=(e[6]-e[2])*i,n[2]=(e[1]-e[3])*i;else{var r=0;e[4]>e[0]&&(r=1),e[8]>e[r*3+r]&&(r=2);var s=(r+1)%3,a=(r+2)%3;i=Math.sqrt(e[r*3+r]-e[s*3+s]-e[a*3+a]+1),n[r]=.5*i,i=.5/i,n[3]=(e[s*3+a]-e[a*3+s])*i,n[s]=(e[s*3+r]+e[r*3+s])*i,n[a]=(e[a*3+r]+e[r*3+a])*i}return n}var Oa=D0,Lo=U0,Mu=N0,io=F0;(function(){var n=dn(),e=wn(1,0,0),t=wn(0,1,0);return function(i,r,s){var a=C0(r,s);return a<-.999999?(Po(n,e,r),L0(n)<1e-6&&Po(n,t,r),od(n,n),ld(i,n,Math.PI),i):a>.999999?(i[0]=0,i[1]=0,i[2]=0,i[3]=1,i):(Po(n,r,s),i[0]=n[0],i[1]=n[1],i[2]=n[2],i[3]=1+a,io(i,i))}})();(function(){var n=Tn(),e=Tn();return function(t,i,r,s,a,o){return ps(n,i,a,o),ps(e,r,s,o),ps(t,n,e,2*o*(1-o)),t}})();(function(){var n=S0();return function(e,t,i,r){return n[0]=i[0],n[3]=i[1],n[6]=i[2],n[1]=r[0],n[4]=r[1],n[7]=r[2],n[2]=-t[0],n[5]=-t[1],n[8]=-t[2],io(e,z0(e,n))}})();const Pt=Symbol("@immersive-web-emulation-runtime/xr-space");class jt extends EventTarget{constructor(e,t){super(),this[Pt]={parentSpace:e,offsetMatrix:t?E0(t):tn(),emulated:!0}}}class B0 extends jt{constructor(){super(void 0,tn())}}class ka{static updateOffsetPosition(e,t){const i=e[Pt].offsetMatrix;ys(i,t)}static updateOffsetQuaternion(e,t){const i=e[Pt].offsetMatrix,r=dn();Ms(r,i),Ps(i,t,r)}static updateOffsetMatrix(e,t){const i=e[Pt].offsetMatrix;rd(i,t)}static calculateGlobalOffsetMatrix(e,t=tn()){const i=e[Pt].parentSpace?ka.calculateGlobalOffsetMatrix(e[Pt].parentSpace):tn();return ad(t,i,e[Pt].offsetMatrix),t}}let qi=class cd{constructor(e=0,t=0,i=0){this.vec3=wn(e,t,i),this.tempVec3=dn()}get x(){return this.vec3[0]}set x(e){this.vec3[0]=e}get y(){return this.vec3[1]}set y(e){this.vec3[1]=e}get z(){return this.vec3[2]}set z(e){this.vec3[2]=e}set(e,t,i){return T0(this.vec3,e,t,i),this}clone(){return new cd(this.x,this.y,this.z)}copy(e){return this.x=e.x,this.y=e.y,this.z=e.z,this}round(){return this.x=Math.round(this.x),this.y=Math.round(this.y),this.z=Math.round(this.z),this}normalize(){return Co(this.tempVec3,this.vec3),od(this.vec3,this.tempVec3),this}add(e){return Co(this.tempVec3,this.vec3),R0(this.vec3,this.tempVec3,e.vec3),this}applyQuaternion(e){return Co(this.tempVec3,this.vec3),P0(this.vec3,this.tempVec3,e.quat),this}},ms=class ud{constructor(e=0,t=0,i=0,r=1){this.quat=Oa(e,t,i,r),this.tempQuat=Tn()}get x(){return this.quat[0]}set x(e){this.quat[0]=e}get y(){return this.quat[1]}set y(e){this.quat[1]=e}get z(){return this.quat[2]}set z(e){this.quat[2]=e}get w(){return this.quat[3]}set w(e){this.quat[3]=e}set(e,t,i,r){return Mu(this.quat,e,t,i,r),this}clone(){return new ud(this.x,this.y,this.z,this.w)}copy(e){return Mu(this.quat,e.x,e.y,e.z,e.w),this}normalize(){return Lo(this.tempQuat,this.quat),io(this.quat,this.tempQuat),this}invert(){return Lo(this.tempQuat,this.quat),k0(this.quat,this.tempQuat),this}multiply(e){return Lo(this.tempQuat,this.quat),O0(this.quat,this.tempQuat,e.quat),this}setFromAxisAngle(e,t){return ld(this.quat,e.vec3,t),this}};const Ee=Symbol("@immersive-web-emulation-runtime/gamepad");var Ss;(function(n){n.None="",n.Standard="standard",n.XRStandard="xr-standard"})(Ss||(Ss={}));class fd{constructor(e,t){this[Ee]={type:e,eventTrigger:t,pressed:!1,touched:!1,value:0,lastFrameValue:0,pendingValue:null}}get pressed(){return this[Ee].type==="manual"?this[Ee].pressed:this[Ee].value>0}get touched(){return this[Ee].type==="manual"?this[Ee].touched:this[Ee].touched||this.pressed}get value(){return this[Ee].value}}class V0{constructor(){this.pressed=!1,this.touched=!1,this.value=0}}class Lc{constructor(e,t="",i=-1){this[Ee]={id:t,index:i,connected:!1,timestamp:performance.now(),mapping:e.mapping,buttonsMap:{},buttonsSequence:[],axesMap:{},axesSequence:[],hapticActuators:[]},e.buttons.forEach(r=>{var s;r===null?this[Ee].buttonsSequence.push(null):(this[Ee].buttonsSequence.push(r.id),this[Ee].buttonsMap[r.id]=new fd(r.type,(s=r.eventTrigger)!==null&&s!==void 0?s:null))}),e.axes.forEach(r=>{r===null?this[Ee].axesSequence.push(null):(this[Ee].axesSequence.push(r.id+r.type),this[Ee].axesMap[r.id]||(this[Ee].axesMap[r.id]={x:0,y:0}))})}get id(){return this[Ee].id}get index(){return this[Ee].index}get connected(){return this[Ee].connected}get timestamp(){return this[Ee].timestamp}get mapping(){return this[Ee].mapping}get axes(){const e=[];return this[Ee].axesSequence.forEach(t=>{if(t===null)e.push(null);else{const i=t.substring(0,t.length-6),r=t.substring(t.length-6);e.push(r==="y-axis"?this[Ee].axesMap[i].y:this[Ee].axesMap[i].x)}}),e}get buttons(){return this[Ee].buttonsSequence.map(e=>e===null?new V0:this[Ee].buttonsMap[e])}get hapticActuators(){return this[Ee].hapticActuators}get vibrationActuator(){return null}}var hn;(function(n){n.None="none",n.Left="left",n.Right="right"})(hn||(hn={}));var za;(function(n){n.Gaze="gaze",n.TrackedPointer="tracked-pointer",n.Screen="screen",n.TransientPointer="transient-pointer"})(za||(za={}));class H0 extends Array{}const si=Symbol("@immersive-web-emulation-runtime/xr-input-source");class ro{constructor(e,t,i,r,s,a,o){this[si]={handedness:e,targetRayMode:t,targetRaySpace:r,gripSpace:a,profiles:i,gamepad:s,hand:o}}get handedness(){return this[si].handedness}get targetRayMode(){return this[si].targetRayMode}get targetRaySpace(){return this[si].targetRaySpace}get gripSpace(){return this[si].gripSpace}get profiles(){return this[si].profiles}get gamepad(){return this[si].gamepad}get hand(){return this[si].hand}}class Ma extends Event{constructor(e,t){if(super(e,t),!t.frame)throw new Error("XRInputSourceEventInit.frame is required");if(!t.inputSource)throw new Error("XRInputSourceEventInit.inputSource is required");this.frame=t.frame,this.inputSource=t.inputSource}}const vt=Symbol("@immersive-web-emulation-runtime/xr-tracked-input"),Su={[hn.Left]:{position:new qi(-.25,1.5,-.4),quaternion:new ms},[hn.Right]:{position:new qi(.25,1.5,-.4),quaternion:new ms},[hn.None]:{position:new qi(.25,1.5,-.4),quaternion:new ms}};class hd{constructor(e){this[vt]={inputSource:e,position:Su[e.handedness].position.clone(),quaternion:Su[e.handedness].quaternion.clone(),connected:!0,lastFrameConnected:!1,inputSourceChanged:!0}}get position(){return this[vt].position}get quaternion(){return this[vt].quaternion}get inputSource(){return this[vt].inputSource}get connected(){return this[vt].connected}set connected(e){this[vt].connected=e,this[vt].inputSource.gamepad[Ee].connected=e}onFrameStart(e){const t=this[vt].inputSource.targetRaySpace;Ps(t[Pt].offsetMatrix,this[vt].quaternion.quat,this[vt].position.vec3);const i=e.session;this[vt].inputSource.gamepad.buttons.forEach(r=>{r instanceof fd&&(r[Ee].lastFrameValue=r[Ee].value,r[Ee].pendingValue!=null&&(r[Ee].value=r[Ee].pendingValue,r[Ee].pendingValue=null),r[Ee].eventTrigger!=null&&(r[Ee].lastFrameValue===0&&r[Ee].value>0?(i.dispatchEvent(new Ma(r[Ee].eventTrigger,{frame:e,inputSource:this[vt].inputSource})),i.dispatchEvent(new Ma(r[Ee].eventTrigger+"start",{frame:e,inputSource:this[vt].inputSource}))):r[Ee].lastFrameValue>0&&r[Ee].value===0&&i.dispatchEvent(new Ma(r[Ee].eventTrigger+"end",{frame:e,inputSource:this[vt].inputSource}))))}),this[vt].inputSourceChanged=this.connected!==this[vt].lastFrameConnected,this[vt].lastFrameConnected=this.connected}}const Eu=Symbol("@immersive-web-emulation-runtime/xr-controller");class G0 extends hd{constructor(e,t,i){if(!e.layout[t])throw new DOMException("Handedness not supported","InvalidStateError");const r=new jt(i),s=e.layout[t].gripOffsetMatrix?new jt(r,e.layout[t].gripOffsetMatrix):void 0,a=[e.profileId,...e.fallbackProfileIds],o=new ro(t,za.TrackedPointer,a,r,new Lc(e.layout[t].gamepad),s);super(o),this[Eu]={gamepadConfig:e.layout[t].gamepad}}get gamepadConfig(){return this[Eu].gamepadConfig}updateButtonValue(e,t){if(t>1||t<0){console.warn(`Out-of-range value ${t} provided for button ${e}.`);return}const i=this[vt].inputSource.gamepad[Ee].buttonsMap[e];if(i){if(i[Ee].type==="binary"&&t!=1&&t!=0){console.warn(`Non-binary value ${t} provided for binary button ${e}.`);return}i[Ee].pendingValue=t}else console.warn(`Current controller does not have button ${e}.`)}updateButtonTouch(e,t){const i=this[vt].inputSource.gamepad[Ee].buttonsMap[e];i?i[Ee].touched=t:console.warn(`Current controller does not have button ${e}.`)}updateAxis(e,t,i){if(i>1||i<-1){console.warn(`Out-of-range value ${i} provided for ${e} axes.`);return}const r=this[vt].inputSource.gamepad[Ee].axesMap[e];r?t==="x-axis"?r.x=i:t==="y-axis"&&(r.y=i):console.warn(`Current controller does not have ${e} axes.`)}updateAxes(e,t,i){if(t>1||t<-1||i>1||i<-1){console.warn(`Out-of-range value x:${t}, y:${i} provided for ${e} axes.`);return}const r=this[vt].inputSource.gamepad[Ee].axesMap[e];r?(r.x=t,r.y=i):console.warn(`Current controller does not have ${e} axes.`)}}const Fi=Symbol("@immersive-web-emulation-runtime/xr-view");var ht;(function(n){n.None="none",n.Left="left",n.Right="right"})(ht||(ht={}));class dd{constructor(e,t,i,r){this[Fi]={eye:e,projectionMatrix:t,transform:i,recommendedViewportScale:null,requestedViewportScale:1,session:r}}get eye(){return this[Fi].eye}get projectionMatrix(){return this[Fi].projectionMatrix}get transform(){return this[Fi].transform}get recommendedViewportScale(){return this[Fi].recommendedViewportScale}requestViewportScale(e){if(e===null||e<=0||e>1){console.warn("Invalid scale value. Scale must be > 0 and <= 1.");return}this[Fi].requestedViewportScale=e}}const Yi=Symbol("@immersive-web-emulation-runtime/xr-joint-space");class Ic extends jt{constructor(e,t,i){super(t,i),this[Yi]={jointName:e,radius:0}}get jointName(){return this[Yi].jointName}}const Zr=Symbol("@immersive-web-emulation-runtime/xr-pose");class so{constructor(e,t=!1,i=void 0,r=void 0){this[Zr]={transform:e,emulatedPosition:t,linearVelocity:i,angularVelocity:r}}get transform(){return this[Zr].transform}get emulatedPosition(){return this[Zr].emulatedPosition}get linearVelocity(){return this[Zr].linearVelocity}get angularVelocity(){return this[Zr].angularVelocity}}const bu=Symbol("@immersive-web-emulation-runtime/xr-joint-pose");class pd extends so{constructor(e,t,i=!1,r=void 0,s=void 0){super(e,i,r,s),this[bu]={radius:t}}get radius(){return this[bu].radius}}class Ba{constructor(e=0,t=0,i=0,r=1){this.x=e,this.y=t,this.z=i,this.w=r,Object.freeze(this)}static fromPoint(e){return new Ba(e.x,e.y,e.z,e.w)}matrixTransform(e){return new Ba}toJSON(){return{x:this.x,y:this.y,z:this.z,w:this.w}}}const Hs=typeof globalThis.DOMPointReadOnly<"u"?globalThis.DOMPointReadOnly:Ba,ln=Symbol("@immersive-web-emulation-runtime/xr-rigid-transform");class ao{constructor(e,t){const i=wn(0,0,0),r=Tn();this[ln]={matrix:tn(),position:e?wn(e.x,e.y,e.z):i,orientation:t?io(Tn(),Oa(t.x,t.y,t.z,t.w)):r,inverse:null},this.updateMatrix()}updateMatrix(){Ps(this[ln].matrix,this[ln].orientation,this[ln].position)}get matrix(){return this[ln].matrix}get position(){const e=this[ln].position;return new Hs(e[0],e[1],e[2],1)}get orientation(){const e=this[ln].orientation;return new Hs(e[0],e[1],e[2],e[3])}get inverse(){if(!this[ln].inverse){const e=tn();if(!sd(e,this[ln].matrix))throw new Error("Matrix is not invertible.");let t=dn();Ms(t,e);let i=Tn();Fa(i,e),this[ln].inverse=new ao(new Hs(t[0],t[1],t[2],1),new Hs(i[0],i[1],i[2],i[3])),this[ln].inverse[ln].inverse=this}return this[ln].inverse}}const wu=Symbol("@immersive-web-emulation-runtime/xr-viewer-pose");class md extends so{constructor(e,t,i=!1,r=void 0,s=void 0){super(e,i,r,s),this[wu]={views:Object.freeze(t)}}get views(){return this[wu].views}}const Qt=Symbol("@immersive-web-emulation-runtime/xr-frame"),Au=tn(),Tu=tn(),Ru=tn(),Cu=(n,e,t)=>{ka.calculateGlobalOffsetMatrix(e,Au),ka.calculateGlobalOffsetMatrix(t,Tu),sd(Ru,Tu),ad(n,Ru,Au)};class gd{constructor(e,t,i,r,s){this[Qt]={session:e,id:t,active:i,animationFrame:r,predictedDisplayTime:s,tempMat4:tn()}}get session(){return this[Qt].session}get predictedDisplayTime(){return this[Qt].predictedDisplayTime}getPose(e,t){if(!this[Qt].active)throw new DOMException("XRFrame access outside the callback that produced it is invalid.","InvalidStateError");Cu(this[Qt].tempMat4,e,t);const i=dn();Ms(i,this[Qt].tempMat4);const r=Tn();return Fa(r,this[Qt].tempMat4),new so(new ao({x:i[0],y:i[1],z:i[2],w:1},{x:r[0],y:r[1],z:r[2],w:r[3]}),e[Pt].emulated)}getViewerPose(e){if(!this[Qt].animationFrame)throw new DOMException("getViewerPose can only be called on XRFrame objects passed to XRSession.requestAnimationFrame callbacks.","InvalidStateError");const t=this[Qt].session,i=t[j].device,r=this.getPose(i.viewerSpace,e),s=t[j].mode===at.Inline?[ht.None]:[ht.Left,ht.Right],a=[];return s.forEach(o=>{const l=i.viewSpaces[o],c=this.getPose(l,e),u=t[j].getProjectionMatrix(o),p=new dd(o,new Float32Array(u),c.transform,t);a.push(p)}),new md(r.transform,a,!1)}getJointPose(e,t){const i=this.getPose(e,t),r=e[Yi].radius;return new pd(i.transform,r,!1)}fillJointRadii(e,t){if(e=Array.from(e),!this[Qt].active)throw new DOMException("XRFrame access outside the callback that produced it is invalid.","InvalidStateError");if(e.length>t.length)throw new DOMException("The length of jointSpaces is larger than the number of elements in radii","TypeError");let i=!0;for(let r=0;r<e.length;r++)e[r][Yi].radius?t[r]=e[r][Yi].radius:(t[r]=NaN,i=!1);return i}fillPoses(e,t,i){if(e=Array.from(e),!this[Qt].active)throw new DOMException("XRFrame access outside the callback that produced it is invalid.","InvalidStateError");if(e.length*16>i.length)throw new DOMException("The length of spaces multiplied by 16 is larger than the number of elements in transforms","TypeError");return e.forEach((r,s)=>{Cu(this[Qt].tempMat4,r,t);for(let a=0;a<16;a++)i[s*16+a]=this[Qt].tempMat4[a]}),!0}}class vd extends Event{constructor(e,t){if(super(e,t),!t.session)throw new Error("XRInputSourcesChangeEventInit.session is required");if(!t.added)throw new Error("XRInputSourcesChangeEventInit.added is required");if(!t.removed)throw new Error("XRInputSourcesChangeEventInit.removed is required");this.session=t.session,this.added=t.added,this.removed=t.removed}}var _d;const _i=Symbol("@immersive-web-emulation-runtime/xr-reference-space");var Ut;(function(n){n.Viewer="viewer",n.Local="local",n.LocalFloor="local-floor",n.BoundedFloor="bounded-floor",n.Unbounded="unbounded"})(Ut||(Ut={}));class Qi extends jt{constructor(e,t,i){super(t,i),this[_d]={type:null,onreset:()=>{}},this[_i].type=e}get onreset(){var e;return(e=this[_i].onreset)!==null&&e!==void 0?e:()=>{}}set onreset(e){this[_i].onreset&&this.removeEventListener("reset",this[_i].onreset),this[_i].onreset=e,e&&this.addEventListener("reset",e)}getOffsetReferenceSpace(e){return new Qi(this[_i].type,this,e)}}_d=_i;const Kr=Symbol("@immersive-web-emulation-runtime/xr-render-state");class Sl{constructor(e={},t){this[Kr]={depthNear:e.depthNear||(t==null?void 0:t.depthNear)||.1,depthFar:e.depthFar||(t==null?void 0:t.depthFar)||1e3,inlineVerticalFieldOfView:e.inlineVerticalFieldOfView||(t==null?void 0:t.inlineVerticalFieldOfView)||null,baseLayer:e.baseLayer||(t==null?void 0:t.baseLayer)||null}}get depthNear(){return this[Kr].depthNear}get depthFar(){return this[Kr].depthFar}get inlineVerticalFieldOfView(){return this[Kr].inlineVerticalFieldOfView}get baseLayer(){return this[Kr].baseLayer}}class Va extends Event{constructor(e,t){if(super(e,t),!t.session)throw new Error("XRSessionEventInit.session is required");this.session=t.session}}class xd extends EventTarget{}const mi=Symbol("@immersive-web-emulation-runtime/XRWebGLLayer"),W0={antialias:!0,depth:!0,stencil:!1,alpha:!0,ignoreDepthValues:!1,framebufferScaleFactor:1};let X0=class extends xd{constructor(e,t,i={}){if(super(),e[j].ended)throw new DOMException("Session has ended","InvalidStateError");const r={...W0,...i};this[mi]={session:e,context:t,antialias:r.antialias}}get context(){return this[mi].context}get antialias(){return this[mi].antialias}get ignoreDepthValues(){return!0}get framebuffer(){return null}get framebufferWidth(){return this[mi].context.drawingBufferWidth}get framebufferHeight(){return this[mi].context.drawingBufferHeight}getViewport(e){if(e[Fi].session!==this[mi].session)throw new DOMException("View's session differs from Layer's session","InvalidStateError");return this[mi].session[j].device[ae].getViewport(this,e)}static getNativeFramebufferScaleFactor(e){if(!(e instanceof Dc))throw new TypeError("getNativeFramebufferScaleFactor must be passed a session.");return e[j].ended?0:1}};var Sr;(function(n){n.Visible="visible",n.VisibleBlurred="visible-blurred",n.Hidden="hidden"})(Sr||(Sr={}));var at;(function(n){n.Inline="inline",n.ImmersiveVR="immersive-vr",n.ImmersiveAR="immersive-ar"})(at||(at={}));var Cn;(function(n){n.Opaque="opaque",n.AlphaBlend="alpha-blend",n.Additive="additive"})(Cn||(Cn={}));var Dr;(function(n){n.ScreenSpace="screen-space",n.WorldSpace="world-space"})(Dr||(Dr={}));const j=Symbol("@immersive-web-emulation-runtime/xr-session");class Dc extends EventTarget{constructor(e,t,i){super(),this[j]={device:e,mode:t,renderState:new Sl,pendingRenderState:null,enabledFeatures:i,isSystemKeyboardSupported:!1,ended:!1,projectionMatrices:{[ht.Left]:tn(),[ht.Right]:tn(),[ht.None]:tn()},getProjectionMatrix:r=>this[j].projectionMatrices[r],referenceSpaceIsSupported:r=>{if(!this[j].enabledFeatures.includes(r))return!1;switch(r){case Ut.Viewer:return!0;case Ut.Local:case Ut.LocalFloor:case Ut.BoundedFloor:case Ut.Unbounded:return this[j].mode!=at.Inline}},frameHandle:0,frameCallbacks:[],currentFrameCallbacks:null,onDeviceFrame:()=>{if(this[j].ended)return;this[j].deviceFrameHandle=globalThis.requestAnimationFrame(this[j].onDeviceFrame),this[j].pendingRenderState!=null&&(this[j].renderState=this[j].pendingRenderState,this[j].pendingRenderState=null,this[j].device[ae].onBaseLayerSet(this[j].renderState.baseLayer));const r=this[j].renderState.baseLayer;if(r===null)return;const s=r.context,a=s.canvas;if(this[j].mode!=at.Inline){const g=s.getParameter(s.COLOR_CLEAR_VALUE),v=s.getParameter(s.DEPTH_CLEAR_VALUE),f=s.getParameter(s.STENCIL_CLEAR_VALUE);s.clearColor(0,0,0,0),s.clearDepth(1),s.clearStencil(0),s.clear(s.DEPTH_BUFFER_BIT|s.COLOR_BUFFER_BIT|s.STENCIL_BUFFER_BIT),s.clearColor(g[0],g[1],g[2],g[3]),s.clearDepth(v),s.clearStencil(f)}const{depthNear:o,depthFar:l}=this[j].renderState,{width:c,height:u}=a;if(this[j].mode!==at.Inline){const g=c*(this[j].device.stereoEnabled?.5:1)/u;yu(this[j].projectionMatrices[ht.Left],this[j].device.fovy,g,o,l),rd(this[j].projectionMatrices[ht.Right],this[j].projectionMatrices[ht.Left])}else{const g=c/u;yu(this[j].projectionMatrices[ht.None],this[j].renderState.inlineVerticalFieldOfView,g,o,l)}const p=new gd(this,this[j].frameHandle,!0,!0,performance.now());this[j].device[ae].onFrameStart(p),this[j].updateActiveInputSources();const d=this[j].currentFrameCallbacks=this[j].frameCallbacks;this[j].frameCallbacks=[];const m=performance.now();for(let g=0;g<d.length;g++)try{d[g].cancelled||d[g].callback(m,p)}catch(v){console.error(v)}this[j].currentFrameCallbacks=null,p[Qt].active=!1},nominalFrameRate:e.internalNominalFrameRate,referenceSpaces:[],inputSourceArray:[],activeInputSources:[],updateActiveInputSources:()=>{const r=this[j].enabledFeatures.includes(Fe.HandTracking),s=this[j].activeInputSources,a=this[j].device.inputSources.filter(c=>!c.hand||r),o=a.filter(c=>!s.includes(c)),l=s.filter(c=>!a.includes(c));this[j].activeInputSources=a,(o.length>0||l.length>0)&&this.dispatchEvent(new vd("inputsourceschange",{session:this,added:o,removed:l}))},onend:null,oninputsourceschange:null,onselect:null,onselectstart:null,onselectend:null,onsqueeze:null,onsqueezestart:null,onsqueezeend:null,onvisibilitychange:null,onframeratechange:null},this[j].onDeviceFrame()}get visibilityState(){return this[j].device.visibilityState}get frameRate(){return this[j].nominalFrameRate}get supportedFrameRates(){return new Float32Array(this[j].device.supportedFrameRates)}get renderState(){return this[j].renderState}get inputSources(){return this[j].inputSourceArray.length=0,!this[j].ended&&this[j].mode!==at.Inline&&this[j].inputSourceArray.push(...this[j].activeInputSources),this[j].inputSourceArray}get enabledFeatures(){return this[j].enabledFeatures}get isSystemKeyboardSupported(){return this[j].isSystemKeyboardSupported}get environmentBlendMode(){var e;return(e=this[j].device[ae].environmentBlendModes[this[j].mode])!==null&&e!==void 0?e:Cn.Opaque}get interactionMode(){return this[j].device[ae].interactionMode}updateRenderState(e={}){var t,i,r,s;if(this[j].ended)throw new DOMException("XRSession has already ended.","InvalidStateError");if(e.baseLayer&&e.baseLayer[mi].session!==this)throw new DOMException("Base layer was created by a different XRSession","InvalidStateError");if(e.inlineVerticalFieldOfView!=null&&this[j].mode!==at.Inline)throw new DOMException("InlineVerticalFieldOfView must not be set for an immersive session","InvalidStateError");const a={baseLayer:e.baseLayer||((t=this[j].pendingRenderState)===null||t===void 0?void 0:t.baseLayer)||void 0,depthFar:e.depthFar||((i=this[j].pendingRenderState)===null||i===void 0?void 0:i.depthFar)||void 0,depthNear:e.depthNear||((r=this[j].pendingRenderState)===null||r===void 0?void 0:r.depthNear)||void 0,inlineVerticalFieldOfView:e.inlineVerticalFieldOfView||((s=this[j].pendingRenderState)===null||s===void 0?void 0:s.inlineVerticalFieldOfView)||void 0};this[j].pendingRenderState=new Sl(a,this[j].renderState)}async updateTargetFrameRate(e){return new Promise((t,i)=>{this[j].ended?i(new DOMException("XRSession has already ended.","InvalidStateError")):this[j].device.supportedFrameRates.includes(e)?(this[j].nominalFrameRate===e?console.log("Requested frame rate is the same as the current nominal frame rate, no update made"):(this[j].nominalFrameRate=e,this.dispatchEvent(new Va("frameratechange",{session:this})),console.log(`Nominal frame rate updated to ${e}`)),t()):i(new DOMException("Requested frame rate not supported.","InvalidStateError"))})}async requestReferenceSpace(e){return new Promise((t,i)=>{if(this[j].ended||!this[j].referenceSpaceIsSupported(e)){i(new DOMException("The requested reference space type is not supported.","NotSupportedError"));return}let r;switch(e){case Ut.Viewer:r=this[j].device.viewerSpace;break;case Ut.Local:r=new Qi(e,this[j].device[ae].globalSpace,this[j].device.viewerSpace[Pt].offsetMatrix);break;case Ut.LocalFloor:case Ut.BoundedFloor:case Ut.Unbounded:r=new Qi(e,this[j].device[ae].globalSpace);break}this[j].referenceSpaces.push(r),t(r)})}requestAnimationFrame(e){if(this[j].ended)return 0;const t=++this[j].frameHandle;return this[j].frameCallbacks.push({handle:t,callback:e,cancelled:!1}),t}cancelAnimationFrame(e){let t=this[j].frameCallbacks,i=t.findIndex(r=>r&&r.handle===e);i>-1&&(t[i].cancelled=!0,t.splice(i,1)),t=this[j].currentFrameCallbacks,t&&(i=t.findIndex(r=>r&&r.handle===e),i>-1&&(t[i].cancelled=!0))}async end(){return new Promise((e,t)=>{this[j].ended||this[j].deviceFrameHandle===null?t(new DOMException("XRSession has already ended.","InvalidStateError")):(globalThis.cancelAnimationFrame(this[j].deviceFrameHandle),this[j].device[ae].onSessionEnd(),this.dispatchEvent(new Va("end",{session:this})),e())})}get onend(){var e;return(e=this[j].onend)!==null&&e!==void 0?e:()=>{}}set onend(e){this[j].onend&&this.removeEventListener("end",this[j].onend),this[j].onend=e,e&&this.addEventListener("end",e)}get oninputsourceschange(){var e;return(e=this[j].oninputsourceschange)!==null&&e!==void 0?e:()=>{}}set oninputsourceschange(e){this[j].oninputsourceschange&&this.removeEventListener("inputsourceschange",this[j].oninputsourceschange),this[j].oninputsourceschange=e,e&&this.addEventListener("inputsourceschange",e)}get onselect(){var e;return(e=this[j].onselect)!==null&&e!==void 0?e:()=>{}}set onselect(e){this[j].onselect&&this.removeEventListener("select",this[j].onselect),this[j].onselect=e,e&&this.addEventListener("select",e)}get onselectstart(){var e;return(e=this[j].onselectstart)!==null&&e!==void 0?e:()=>{}}set onselectstart(e){this[j].onselectstart&&this.removeEventListener("selectstart",this[j].onselectstart),this[j].onselectstart=e,e&&this.addEventListener("selectstart",e)}get onselectend(){var e;return(e=this[j].onselectend)!==null&&e!==void 0?e:()=>{}}set onselectend(e){this[j].onselectend&&this.removeEventListener("selectend",this[j].onselectend),this[j].onselectend=e,e&&this.addEventListener("selectend",e)}get onsqueeze(){var e;return(e=this[j].onsqueeze)!==null&&e!==void 0?e:()=>{}}set onsqueeze(e){this[j].onsqueeze&&this.removeEventListener("squeeze",this[j].onsqueeze),this[j].onsqueeze=e,e&&this.addEventListener("squeeze",e)}get onsqueezestart(){var e;return(e=this[j].onsqueezestart)!==null&&e!==void 0?e:()=>{}}set onsqueezestart(e){this[j].onsqueezestart&&this.removeEventListener("squeezestart",this[j].onsqueezestart),this[j].onsqueezestart=e,e&&this.addEventListener("squeezestart",e)}get onsqueezeend(){var e;return(e=this[j].onsqueezeend)!==null&&e!==void 0?e:()=>{}}set onsqueezeend(e){this[j].onsqueezeend&&this.removeEventListener("squeezeend",this[j].onsqueezeend),this[j].onsqueezeend=e,e&&this.addEventListener("squeezeend",e)}get onvisibilitychange(){var e;return(e=this[j].onvisibilitychange)!==null&&e!==void 0?e:()=>{}}set onvisibilitychange(e){this[j].onvisibilitychange&&this.removeEventListener("visibilitychange",this[j].onvisibilitychange),this[j].onvisibilitychange=e,e&&this.addEventListener("visibilitychange",e)}get onframeratechange(){var e;return(e=this[j].onframeratechange)!==null&&e!==void 0?e:()=>{}}set onframeratechange(e){this[j].onframeratechange&&this.removeEventListener("frameratechange",this[j].onframeratechange),this[j].onframeratechange=e,e&&this.addEventListener("frameratechange",e)}}var Es;(function(n){n.Wrist="wrist",n.ThumbMetacarpal="thumb-metacarpal",n.ThumbPhalanxProximal="thumb-phalanx-proximal",n.ThumbPhalanxDistal="thumb-phalanx-distal",n.ThumbTip="thumb-tip",n.IndexFingerMetacarpal="index-finger-metacarpal",n.IndexFingerPhalanxProximal="index-finger-phalanx-proximal",n.IndexFingerPhalanxIntermediate="index-finger-phalanx-intermediate",n.IndexFingerPhalanxDistal="index-finger-phalanx-distal",n.IndexFingerTip="index-finger-tip",n.MiddleFingerMetacarpal="middle-finger-metacarpal",n.MiddleFingerPhalanxProximal="middle-finger-phalanx-proximal",n.MiddleFingerPhalanxIntermediate="middle-finger-phalanx-intermediate",n.MiddleFingerPhalanxDistal="middle-finger-phalanx-distal",n.MiddleFingerTip="middle-finger-tip",n.RingFingerMetacarpal="ring-finger-metacarpal",n.RingFingerPhalanxProximal="ring-finger-phalanx-proximal",n.RingFingerPhalanxIntermediate="ring-finger-phalanx-intermediate",n.RingFingerPhalanxDistal="ring-finger-phalanx-distal",n.RingFingerTip="ring-finger-tip",n.PinkyFingerMetacarpal="pinky-finger-metacarpal",n.PinkyFingerPhalanxProximal="pinky-finger-phalanx-proximal",n.PinkyFingerPhalanxIntermediate="pinky-finger-phalanx-intermediate",n.PinkyFingerPhalanxDistal="pinky-finger-phalanx-distal",n.PinkyFingerTip="pinky-finger-tip"})(Es||(Es={}));class Uc extends Map{}const j0={jointTransforms:{wrist:{offsetMatrix:[.9060805439949036,-.1844543218612671,.3807799518108368,0,-.08027800172567368,.8086723685264587,.5827555656433105,0,-.4154181182384491,-.5585917234420776,.7179155349731445,0,-.06867414712905884,-.009423808194696903,.10627774149179459,1],radius:.021460847929120064},"thumb-metacarpal":{offsetMatrix:[-.5012241005897522,-.8650535345077515,-.0213695727288723,0,.7415963411331177,-.4421543478965759,.5045139193534851,0,-.44587990641593933,.23702676594257355,.8631392121315002,0,-.032122574746608734,-.01196830440312624,.07194234430789948,1],radius:.019382517784833908},"thumb-phalanx-proximal":{offsetMatrix:[-.3175753057003021,-.9460570216178894,-.06419729441404343,0,.8958902955055237,-.32153913378715515,.30658137798309326,0,-.3106854259967804,.03984907269477844,.9496771097183228,0,-.017625702545046806,-.01967475935816765,.04387917369604111,1],radius:.01228295173496008},"thumb-phalanx-distal":{offsetMatrix:[-.4944636821746826,-.8691971898078918,.001086252392269671,0,.8307800889015198,-.4722411036491394,.2946045398712158,0,-.25555649399757385,.14657381176948547,.9556186199188232,0,-.007126678712666035,-.021021386608481407,.011786630377173424,1],radius:.009768804535269737},"thumb-tip":{offsetMatrix:[-.4944636821746826,-.8691971898078918,.001086252392269671,0,.8307800889015198,-.4722411036491394,.2946045398712158,0,-.25555649399757385,.14657381176948547,.9556186199188232,0,.0003423091256991029,-.024528030306100845,-.011410919018089771,1],radius:.008768804371356964},"index-finger-metacarpal":{offsetMatrix:[.9060805439949036,-.1844543218612671,.3807799518108368,0,-.08027800172567368,.8086723685264587,.5827555656433105,0,-.4154181182384491,-.5585917234420776,.7179155349731445,0,-.038037415593862534,-.0020236473064869642,.07626739144325256,1],radius:.021228281781077385},"index-finger-phalanx-proximal":{offsetMatrix:[.7986818552017212,-.35985732078552246,.48229536414146423,0,.538311243057251,.7854709625244141,-.30537736415863037,0,-.2689369022846222,.5035246014595032,.8210577368736267,0,-.006869405973702669,.033938243985176086,.04206443578004837,1],radius:.010295259766280651},"index-finger-phalanx-intermediate":{offsetMatrix:[.8285930156707764,-.32672837376594543,.4546217918395996,0,.5577570199966431,.4116027057170868,-.7207564115524292,0,.04836784675717354,.8507823944091797,.5232869386672974,0,.0033306588884443045,.014840902760624886,.010923954658210278,1],radius:.00853810179978609},"index-finger-phalanx-distal":{offsetMatrix:[.8412464261054993,-.35794928669929504,.4051857888698578,0,.5139996409416199,.29711154103279114,-.8046918511390686,0,.16765329241752625,.8852096796035767,.4339304566383362,0,.0021551470272243023,-.0058362227864563465,-.0017938464879989624,1],radius:.007636196445673704},"index-finger-tip":{offsetMatrix:[.8412464261054993,-.35794928669929504,.4051857888698578,0,.5139996409416199,.29711154103279114,-.8046918511390686,0,.16765329241752625,.8852096796035767,.4339304566383362,0,-.00131594471167773,-.025222131982445717,-.012442642822861671,1],radius:.006636196281760931},"middle-finger-metacarpal":{offsetMatrix:[.9060805439949036,-.1844543218612671,.3807799518108368,0,-.08027800172567368,.8086723685264587,.5827555656433105,0,-.4154181182384491,-.5585917234420776,.7179155349731445,0,-.05395089089870453,.003063359996303916,.07402937114238739,1],radius:.021231964230537415},"middle-finger-phalanx-proximal":{offsetMatrix:[.9187911748886108,-.1530158370733261,.36387869715690613,0,.038666240870952606,.9522662162780762,.302808940410614,0,-.3928440511226654,-.26414817571640015,.8808513283729553,0,-.02717282809317112,.04162866622209549,.03678669035434723,1],radius:.01117393933236599},"middle-finger-phalanx-intermediate":{offsetMatrix:[.9228746294975281,-.12856416404247284,.36300456523895264,0,.14524033665657043,.9892153143882751,-.01890045404434204,0,-.3566599190235138,.07016586512327194,.9315956234931946,0,-.01030921470373869,.05296773463487625,-.0010256498353555799,1],radius:.008030958473682404},"middle-finger-phalanx-distal":{offsetMatrix:[.9325166344642639,-.040404170751571655,.35885775089263916,0,.06836572289466858,.995502769947052,-.0655682161450386,0,-.3545948565006256,.08567725121974945,.9310863614082336,0,-.0004833847051486373,.05103470757603645,-.026690717786550522,1],radius:.007629410829395056},"middle-finger-tip":{offsetMatrix:[.9325166344642639,-.040404170751571655,.35885775089263916,0,.06836572289466858,.995502769947052,-.0655682161450386,0,-.3545948565006256,.08567725121974945,.9310863614082336,0,.008158999495208263,.05004044249653816,-.050120558589696884,1],radius:.006629410665482283},"ring-finger-metacarpal":{offsetMatrix:[.9060805439949036,-.1844543218612671,.3807799518108368,0,-.08027800172567368,.8086723685264587,.5827555656433105,0,-.4154181182384491,-.5585917234420776,.7179155349731445,0,-.06732909381389618,.007902119308710098,.07209732383489609,1],radius:.019088275730609894},"ring-finger-phalanx-proximal":{offsetMatrix:[.9391821026802063,-.027994679287075996,.34227466583251953,0,-.18282271921634674,.8029410243034363,.5673282742500305,0,-.2907087206840515,-.5954000353813171,.7489906549453735,0,-.047129884362220764,.03806127607822418,.032147664576768875,1],radius:.00992213748395443},"ring-finger-phalanx-intermediate":{offsetMatrix:[.9249380826950073,.03699534013867378,.3783116042613983,0,-.12898847460746765,.9667453765869141,.2208271026611328,0,-.3575615882873535,-.25304901599884033,.8989526629447937,0,-.03579339757561684,.06127955764532089,.002939916681498289